[gd_scene load_steps=5 format=2]

[sub_resource type="CubeMesh" id=3]
size = Vector3( 10, 2, 10 )

[sub_resource type="BoxShape" id=4]
extents = Vector3( 5, 1, 5 )

[sub_resource type="BoxShape" id=1]

[sub_resource type="CubeMesh" id=2]

[node name="Test Level" type="Spatial"]

[node name="Floor" type="StaticBody" parent="."]
transform = Transform( 1, 0, 0, 0, 1, 0, 0, 0, 1, 0, -1, 0 )

[node name="MeshInstance" type="MeshInstance" parent="Floor"]
mesh = SubResource( 3 )
material/0 = null

[node name="CollisionShape" type="CollisionShape" parent="Floor"]
shape = SubResource( 4 )

[node name="Box1" type="RigidBody" parent="."]
transform = Transform( 0.986109, 0.166097, 0, -0.166097, 0.986109, 0, 0, 0, 1, 0, 5, 0 )

[node name="CollisionShape" type="CollisionShape" parent="Box1"]
shape = SubResource( 1 )

[node name="MeshInstance" type="MeshInstance" parent="Box1"]
mesh = SubResource( 2 )
material/0 = null

[node name="Box2" type="RigidBody" parent="."]
transform = Transform( 0.579836, 0.814733, 0, -0.814733, 0.579836, 0, 0, 0, 1, 3, 5, 0 )

[node name="CollisionShape" type="CollisionShape" parent="Box2"]
shape = SubResource( 1 )

[node name="MeshInstance" type="MeshInstance" parent="Box2"]
mesh = SubResource( 2 )
material/0 = null

[node name="Box3" type="RigidBody" parent="."]
transform = Transform( 0.560078, 0.786972, -0.258819, -0.630543, 0.607587, 0.482963, 0.537333, -0.1073, 0.836516, 0, 13, 0 )

[node name="CollisionShape" type="CollisionShape" parent="Box3"]
shape = SubResource( 1 )

[node name="MeshInstance" type="MeshInstance" parent="Box3"]
mesh = SubResource( 2 )
material/0 = null

[node name="Box4" type="RigidBody" parent="."]
transform = Transform( 0.579836, 0.814733, 0, -0.814733, 0.579836, 0, 0, 0, 1, 0, 9, 0 )

[node name="CollisionShape" type="CollisionShape" parent="Box4"]
shape = SubResource( 1 )

[node name="MeshInstance" type="MeshInstance" parent="Box4"]
mesh = SubResource( 2 )
material/0 = null

[node name="Camera" type="Camera" parent="."]
transform = Transform( 1, 0, 0, 0, 0.965926, 0.258819, 0, -0.258819, 0.965926, 0, 2, 14 )
